## miComplete
## v1.1.1
Name	Length	GC-content	Present Markers	Completeness	Redundancy	Contigs	N50	L50	N90	L90	CDs	
scaff_non_virus_7	624325	65.89	3	0.0286	1.6667	70	20904	9	2928	41	684	
scaff_non_virus_6	893036	59.0	4	0.0381	1.0000	195	5901	50	2350	148	1309	
scaff_non_virus_5	1532117	44.3	60	0.5714	1.0333	317	6233	73	2239	234	1584	
scaff_non_virus_4	2019204	66.84	60	0.5714	1.0167	506	4742	119	2005	390	2286	
scaff_non_virus_3	2477566	70.15	13	0.1238	1.0000	142	27749	28	8932	88	2366	
scaff_non_virus_1	6612169	38.27	53	0.5048	1.7736	1861	4081	463	1828	1463	7874	
scaff_non_virus_2	5430652	64.15	72	0.6857	1.0972	1315	4789	269	1949	1000	6558	
